Vertex coordinates:
INITIAL                         ROTATED                               RESTORED                      
( -0.2837   0.2194  -0.0834) -> ( -0.798783  -0.416392  -0.884255) -> ( -0.284377   0.221386  -0.085142)
( -3.4068   0.4826     -0.6) -> (   -3.4068     0.4826       -0.6) -> ( -3.407112   0.487159  -0.602624)
( -2.5385   2.4043   0.2557) -> (   -2.5385     2.4043     0.2557) -> ( -2.538184   2.406851   0.256934)
( -1.0133   0.9937  -1.0473) -> (   -1.0133     0.9937    -1.0473) -> ( -1.013149   0.997813  -1.047955)
( -2.3432     1.32   -0.451) -> (   -2.3432       1.32     -0.451) -> (  -2.34314    1.32373  -0.451644)
(  0.5559   0.9181   0.8971) -> ( -1.925318  -1.333241  -1.095904) -> (  0.555157   0.917868   0.896989)
( -4.5437   1.0037    0.097) -> (   -4.5437     1.0037      0.097) -> ( -4.544046   1.007592   0.094824)
(  -0.344  -1.1853  -0.0652) -> (  0.454914  -0.935641  -0.515782) -> ( -0.345418  -1.183312  -0.069515)
( -3.9801   2.3232   0.6456) -> (   -3.9801     2.3232     0.6456) -> ( -3.979997   2.325801   0.646059)
(  2.0019   0.9458   0.4789) -> ( -1.892819  -2.492758  -0.136196) -> (  2.001356   0.945566   0.479471)
( -0.8012  -1.8532   1.0734) -> (  1.043977  -0.555719   0.692604) -> ( -0.803425  -1.853035    1.06769)
(  0.0519  -1.9194  -1.1859) -> (  1.116659  -1.834622  -1.355744) -> (  0.050625  -1.915589  -1.191361)
(  2.8467  -0.0833   0.8708) -> ( -2.982186  -2.725688   0.691659) -> (  2.845447  -0.084689   0.869871)
(  2.4702   2.0004  -0.2924) -> ( -0.773636  -3.312451  -0.092315) -> (  2.470544   2.001313  -0.289716)
(  -0.862  -3.2466   1.0913) -> (  2.287179  -1.071443   1.058746) -> ( -0.864885  -3.246436   1.083066)
(  -0.009  -3.3128  -1.1681) -> (  2.359807  -2.350476  -0.989591) -> ( -0.010936  -3.308989  -1.176085)
(  4.1865  -0.0575   0.4838) -> ( -2.951993  -3.799637   1.581166) -> (  4.185428  -0.058895   0.483496)
(    3.81   2.0262  -0.6796) -> ( -0.743421  -4.386563    0.79708) -> (  3.810525   2.027108  -0.676291)
( -0.4659  -3.9764  -0.0294) -> (  2.945101  -1.968783    0.21768) -> (  -0.46864  -3.974413  -0.038771)
(  4.6682   0.9973  -0.2914) -> ( -1.832562  -4.630099   1.633922) -> (  4.668017   0.997054  -0.289586)
( -0.4942   1.9282  -1.2881) -> ( -0.241985   1.579464  -0.534765) -> ( -0.493455   1.932475  -1.286836)
( -1.1618   0.4594  -1.9924) -> ( -1.002248   1.303339  -2.098368) -> ( -1.161513   0.465304  -1.994086)
(  0.4647   0.4673   1.8937) -> ( -1.948903  -1.704624  -2.128507) -> (  0.463282   0.465311   1.892731)
(  0.2024   1.9489   1.0333) -> ( -2.877188  -0.798071    -0.9793) -> (  0.202138   1.948605   1.034901)
( -4.8543   0.3353   0.9054) -> (   -4.8543     0.3353     0.9054) -> (  -4.85535   0.337891   0.901875)
( -5.3877   1.1752  -0.5771) -> (   -5.3877     1.1752    -0.5771) -> ( -5.387661   1.180755  -0.579332)
( -4.5165   3.1817   0.2277) -> (   -4.5165     3.1817     0.2277) -> ( -4.515766   3.185338   0.229482)
(  -4.067   2.3627   1.7365) -> (    -4.067     2.3627     1.7365) -> ( -4.067355    2.36337   1.736991)
( -3.4068  -0.4007  -1.0951) -> (   -3.4068    -0.4007    -1.0951) -> ( -3.407357  -0.395243  -1.099324)
( -1.1259  -1.3015   1.9518) -> (  0.541119   0.132648     1.3669) -> ( -1.128097  -1.302763   1.946998)
(  0.4193   -1.419  -2.0783) -> (  0.679491  -2.135697  -2.304427) -> (  0.418378  -1.413754  -2.082811)
(  2.4835   -0.909   1.4761) -> ( -3.858703  -2.084707    0.66094) -> (  2.481712  -0.910941   1.474096)
(  1.8119    2.808  -0.5996) -> (  0.081089   -3.13201  -0.737943) -> (  1.812545   2.809257  -0.596662)
( -1.2204  -3.7633   1.9768) -> (  2.741702  -0.776538   2.000011) -> ( -1.223911  -3.764553   1.967486)
(  0.3014  -3.8812  -2.0399) -> (  2.873126  -3.047534  -1.645394) -> (  0.299576  -3.875972   -2.04877)
(  4.8548  -0.8585   0.7862) -> ( -3.799916  -3.989185    2.23291) -> (  4.853177  -0.860794   0.784732)
(  4.1852   2.8476   -1.283) -> (  0.128276  -5.033095   0.838385) -> (  4.186417   2.849402  -1.278042)
( -0.5133  -5.0614  -0.0156) -> (   -0.5133    -5.0614    -0.0156) -> (   -0.5133    -5.0614    -0.0156)
(  5.7114   1.0176  -0.5928) -> (    5.7114     1.0176    -0.5928) -> (    5.7114     1.0176    -0.5928)

Initial rotation angles:
EDGE        DEG      RAD     
(4, 3)      49.46°    0.86324rad
(3, 0)     129.97°   2.268404rad
(0, 5)     -45.46°  -0.793427rad
(0, 7)    -179.56°  -3.133913rad
(5, 9)    -147.16°  -2.568427rad

Restored angles
EDGE        DEG       RAD     
(4, 3)      49.46°    0.86324rad
(3, 0)     129.97°   2.268403rad
(0, 5)     -45.46°  -0.793424rad
(0, 7)    -179.56°  -3.133927rad
(5, 9)    -147.16°  -2.568427rad
(11, 15)    -0.02°  -0.000302rad
(12, 16)    -0.04°  -0.000734rad
(13, 17)    -0.07°  -0.001173rad
